784
0.997592	1.000000	0	0
0.997592	0.999947	0	1
0.990393	1.000000	1	1
0.997592	0.999889	0	1
0.990393	0.999789	1	1
0.978470	1.000000	1	1
0.997592	0.999825	0	1
0.990393	0.999557	1	1
0.978470	0.999525	1	2
0.961940	1.000000	2	2
0.997592	0.999754	0	1
0.990393	0.999301	1	1
0.978470	0.999003	1	2
0.961940	0.999156	2	2
0.940961	1.000000	2	2
0.997592	0.999675	0	1
0.990393	0.999016	1	1
0.978470	0.998426	1	2
0.961940	0.998226	2	2
0.940961	0.998679	2	3
0.915735	1.000000	3	3
0.997592	0.999587	0	1
0.990393	0.998700	1	1
0.978470	0.997786	1	2
0.961940	0.997200	2	2
0.940961	0.997225	2	3
0.915735	0.998095	3	3
0.886505	1.000000	3	3
0.997592	0.999487	0	1
0.990393	0.998346	1	1
0.978470	0.997074	1	2
0.961940	0.996062	2	2
0.940961	0.995621	2	3
0.915735	0.995999	3	3
0.886505	0.997402	3	4
0.853553	1.000000	4	4
0.997592	0.999375	0	1
0.990393	0.997949	1	1
0.978470	0.996279	1	2
0.961940	0.994797	2	2
0.940961	0.993843	2	3
0.915735	0.993687	3	3
0.886505	0.994546	3	4
0.853553	0.996600	4	4
0.817197	1.000000	4	4
0.997592	0.999249	0	1
0.990393	0.997502	1	1
0.978470	0.995387	1	2
0.961940	0.993385	2	2
0.940961	0.991868	2	3
0.915735	0.991129	3	3
0.886505	0.991398	3	4
0.853553	0.992864	4	4
0.817197	0.995686	4	5
0.777785	1.000000	5	5
0.997592	0.999104	0	1
0.990393	0.996995	1	1
0.978470	0.994382	1	2
0.961940	0.991802	2	3
0.940961	0.989664	2	3
0.915735	0.988286	3	4
0.886505	0.987915	3	4
0.853553	0.988749	4	4
0.817197	0.990950	4	5
0.777785	0.994659	5	5
0.735698	1.000000	5	5
0.997592	0.998938	0	1
0.990393	0.996418	1	1
0.978470	0.993244	1	2
0.961940	0.990019	2	3
0.940961	0.987195	2	3
0.915735	0.985117	3	4
0.886505	0.984050	3	4
0.853553	0.984200	4	5
0.817197	0.985738	4	5
0.777785	0.988802	5	5
0.735698	0.993518	5	6
0.691342	1.000000	6	6
0.997592	0.998747	0	1
0.990393	0.995757	1	2
0.978470	0.991949	1	2
0.961940	0.988002	2	3
0.940961	0.984417	2	3
0.915735	0.981570	3	4
0.886505	0.979744	3	4
0.853553	0.979157	4	5
0.817197	0.979982	4	5
0.777785	0.982361	5	6
0.735698	0.986416	5	6
0.691342	0.992260	6	6
0.645142	1.000000	6	6
0.997592	0.998526	0	1
0.990393	0.994995	1	2
0.978470	0.990466	1	2
0.961940	0.985707	2	3
0.940961	0.981277	2	3
0.915735	0.977583	3	4
0.886505	0.974930	3	4
0.853553	0.973545	4	5
0.817197	0.973606	4	5
0.777785	0.975256	5	6
0.735698	0.978614	5	6
0.691342	0.983789	6	6
0.645142	0.990883	6	7
0.597545	1.000000	7	7
0.997592	0.998266	0	1
0.990393	0.994110	1	2
0.978470	0.988758	1	2
0.961940	0.983083	2	3
0.940961	0.977708	2	4
0.915735	0.973080	3	4
0.886505	0.969523	3	5
0.853553	0.967277	4	5
0.817197	0.966520	4	6
0.777785	0.967395	5	6
0.735698	0.970019	5	6
0.691342	0.974493	6	7
0.645142	0.980916	6	7
0.597545	0.989384	7	7
0.549009	1.000000	7	7
0.997592	0.997959	0	1
0.990393	0.993074	1	2
0.978470	0.986775	1	3
0.961940	0.980061	2	3
0.940961	0.973630	2	4
0.915735	0.967969	3	4
0.886505	0.963426	3	5
0.853553	0.960248	4	5
0.817197	0.958616	4	6
0.777785	0.958670	5	6
0.735698	0.960522	5	7
0.691342	0.964266	6	7
0.645142	0.969994	6	7
0.597545	0.977794	7	7
0.549009	0.987761	7	8
0.500000	1.000000	8	8
0.997592	0.997592	0	1
0.990393	0.991851	1	2
0.978470	0.984457	1	3
0.961940	0.976560	2	3
0.940961	0.968942	2	4
0.915735	0.962138	3	5
0.886505	0.956515	3	5
0.853553	0.952331	4	6
0.817197	0.949765	4	6
0.777785	0.948952	5	6
0.735698	0.949995	5	7
0.691342	0.952982	6	7
0.645142	0.957993	6	7
0.597545	0.965109	7	8
0.549009	0.974416	7	8
0.500000	0.986010	8	8
0.450991	1.000000	8	8
0.997592	0.997151	0	1
0.990393	0.990393	1	2
0.978470	0.981724	1	3
0.961940	0.972472	2	4
0.940961	0.963517	2	4
0.915735	0.955444	3	5
0.886505	0.948643	3	5
0.853553	0.943374	4	6
0.817197	0.939814	4	6
0.777785	0.938088	5	7
0.735698	0.938290	5	7
0.691342	0.940495	6	7
0.645142	0.944773	6	8
0.597545	0.951194	7	8
0.549009	0.959833	7	8
0.500000	0.970777	8	9
0.450991	0.984127	8	9
0.402455	1.000000	9	9
0.997592	0.996611	0	1
0.990393	0.988636	1	2
0.978470	0.978470	1	3
0.961940	0.967658	2	4
0.940961	0.957194	2	4
0.915735	0.947713	3	5
0.886505	0.939625	3	6
0.853553	0.933189	4	6
0.817197	0.928576	4	7
0.777785	0.925896	5	7
0.735698	0.925229	5	7
0.691342	0.926635	6	8
0.645142	0.930170	6	8
0.597545	0.935892	7	8
0.549009	0.943862	7	9
0.500000	0.954159	8	9
0.450991	0.966871	8	9
0.402455	0.982108	9	9
0.354858	1.000000	9	9
0.997592	0.995942	0	1
0.990393	0.986493	1	2
0.978470	0.974556	1	3
0.961940	0.961940	2	4
0.940961	0.949765	2	5
0.915735	0.938722	3	5
0.886505	0.929231	3	6
0.853553	0.921548	4	6
0.817197	0.915826	4	7
0.777785	0.912158	5	7
0.735698	0.910602	5	8
0.691342	0.911202	6	8
0.645142	0.913994	6	8
0.597545	0.919021	7	9
0.549009	0.926333	7	9
0.500000	0.935993	8	9
0.450991	0.948079	8	9
0.402455	0.962691	9	10
0.354858	0.979950	9	10
0.308658	1.000000	10	10
0.997592	0.995100	0	1
0.990393	0.983841	1	2
0.978470	0.969790	1	3
0.961940	0.955076	2	4
0.940961	0.940961	2	5
0.915735	0.928185	3	6
0.886505	0.917174	3	6
0.853553	0.908167	4	7
0.817197	0.901290	4	7
0.777785	0.896611	5	8
0.735698	0.894161	5	8
0.691342	0.893959	6	8
0.645142	0.896023	6	9
0.597545	0.900374	7	9
0.549009	0.907048	7	9
0.500000	0.916093	8	9
0.450991	0.927576	8	10
0.402455	0.941585	9	10
0.354858	0.958230	9	10
0.308658	0.977647	10	10
0.264302	1.000000	10	10
0.997592	0.994019	0	1
0.990393	0.980508	1	3
0.978470	0.963908	1	4
0.961940	0.946742	2	5
0.940961	0.930424	2	5
0.915735	0.915735	3	6
0.886505	0.903088	3	7
0.853553	0.892690	4	7
0.817197	0.884630	4	8
0.777785	0.878935	5	8
0.735698	0.875605	5	8
0.691342	0.874628	6	9
0.645142	0.875995	6	9
0.597545	0.879708	7	9
0.549009	0.885782	7	10
0.500000	0.894251	8	10
0.450991	0.905167	8	10
0.402455	0.918606	9	10
0.354858	0.934668	9	10
0.308658	0.953479	10	11
0.264302	0.975194	10	11
0.222215	1.000000	11	11
0.997592	0.992599	0	2
0.990393	0.976237	1	3
0.978470	0.956536	1	4
0.961940	0.936492	2	5
0.940961	0.917677	2	6
0.915735	0.900890	3	6
0.886505	0.886505	3	7
0.853553	0.874674	4	8
0.817197	0.865428	4	8
0.777785	0.858744	5	8
0.735698	0.854577	5	9
0.691342	0.852878	6	9
0.645142	0.853608	6	9
0.597545	0.856743	7	10
0.549009	0.862277	7	10
0.500000	0.870227	8	10
0.450991	0.880629	8	10
0.402455	0.893548	9	11
0.354858	0.909072	9	11
0.308658	0.927317	10	11
0.264302	0.948428	10	11
0.222215	0.972585	11	11
0.182803	1.000000	11	11
0.997592	0.990683	0	2
0.990393	0.970646	1	3
0.978470	0.947129	1	4
0.961940	0.923700	2	5
0.940961	0.902071	2	6
0.915735	0.883012	3	7
0.886505	0.866819	3	7
0.853553	0.853553	4	8
0.817197	0.843166	4	8
0.777785	0.835564	5	9
0.735698	0.830646	5	9
0.691342	0.828319	6	10
0.645142	0.828506	6	10
0.597545	0.831155	7	10
0.549009	0.836237	7	10
0.500000	0.843750	8	11
0.450991	0.853716	8	11
0.402455	0.866184	9	11
0.354858	0.881232	9	11
0.308658	0.898965	10	11
0.264302	0.919521	10	12
0.222215	0.943069	11	12
0.182803	0.969813	11	12
0.146447	1.000000	12	12
0.997592	0.988008	0	2
0.990393	0.963129	1	4
0.978470	0.934874	1	5
0.961940	0.907469	2	6
0.940961	0.882704	2	7
0.915735	0.861244	3	7
0.886505	0.843238	3	8
0.853553	0.828610	4	9
0.817197	0.817197	4	9
0.777785	0.808815	5	9
0.735698	0.803293	5	10
0.691342	0.800485	6	10
0.645142	0.800272	6	10
0.597545	0.802570	7	11
0.549009	0.807325	7	11
0.500000	0.814516	8	11
0.450991	0.824148	8	11
0.402455	0.836258	9	12
0.354858	0.850914	9	12
0.308658	0.868210	10	12
0.264302	0.888274	10	12
0.222215	0.911268	11	12
0.182803	0.937388	11	12
0.146447	0.966872	12	12
0.113495	1.000000	12	12
0.997592	0.984117	0	2
0.990393	0.952698	1	4
0.978470	0.918511	1	5
0.961940	0.886474	2	6
0.940961	0.858305	2	7
0.915735	0.834419	3	8
0.886505	0.814717	3	9
0.853553	0.798920	4	9
0.817197	0.786708	4	10
0.777785	0.777785	5	10
0.735698	0.771894	5	10
0.691342	0.768827	6	11
0.645142	0.768420	6	11
0.597545	0.770557	7	11
0.549009	0.775157	7	11
0.500000	0.782180	8	12
0.450991	0.791618	8	12
0.402455	0.803494	9	12
0.354858	0.817865	9	12
0.308658	0.834819	10	12
0.264302	0.854475	10	12
0.222215	0.876987	11	13
0.182803	0.902544	11	13
0.146447	0.931375	12	13
0.113495	0.963753	12	13
0.084265	1.000000	13	13
0.997592	0.978147	0	3
0.990393	0.937646	1	5
0.978470	0.896019	1	6
0.961940	0.858714	2	7
0.940961	0.827043	2	8
0.915735	0.800927	3	9
0.886505	0.779866	3	9
0.853553	0.763291	4	10
0.817197	0.750682	4	10
0.777785	0.741602	5	11
0.735698	0.735698	5	11
0.691342	0.732697	6	11
0.645142	0.732390	6	12
0.597545	0.734626	7	12
0.549009	0.739303	7	12
0.500000	0.746363	8	12
0.450991	0.755786	8	12
0.402455	0.767587	9	13
0.354858	0.781813	9	13
0.308658	0.798546	10	13
0.264302	0.817899	10	13
0.222215	0.840020	11	13
0.182803	0.865091	11	13
0.146447	0.893334	12	13
0.113495	0.925015	12	13
0.084265	0.960447	13	13
0.059039	1.000000	13	13
0.997592	0.968309	0	3
0.990393	0.914826	1	5
0.978470	0.864001	1	7
0.961940	0.821067	2	8
0.940961	0.786233	2	9
0.915735	0.758520	3	10
0.886505	0.736823	3	10
0.853553	0.720186	4	11
0.817197	0.707842	4	11
0.777785	0.699202	5	11
0.735698	0.693814	5	12
0.691342	0.691342	6	12
0.645142	0.691537	6	12
0.597545	0.694224	7	12
0.549009	0.699284	7	13
0.500000	0.706647	8	13
0.450991	0.716287	8	13
0.402455	0.728213	9	13
0.354858	0.742469	9	13
0.308658	0.759132	10	13
0.264302	0.778313	10	13
0.222215	0.800154	11	14
0.182803	0.824834	11	14
0.146447	0.852571	12	14
0.113495	0.883622	12	14
0.084265	0.918294	13	14
0.059039	0.956946	13	14
0.038060	1.000000	14	14
0.997592	0.950404	0	4
0.990393	0.877957	1	6
0.978470	0.816454	1	8
0.961940	0.768513	2	9
0.940961	0.731865	2	10
0.915735	0.704041	3	11
0.886505	0.683103	3	11
0.853553	0.667633	4	12
0.817197	0.656612	4	12
0.777785	0.649310	5	12
0.735698	0.645198	5	13
0.691342	0.643898	6	13
0.645142	0.645142	6	13
0.597545	0.648744	7	13
0.549009	0.654582	7	13
0.500000	0.662588	8	13
0.450991	0.672735	8	14
0.402455	0.685035	9	14
0.354858	0.699535	9	14
0.308658	0.716313	10	14
0.264302	0.735480	10	14
0.222215	0.757177	11	14
0.182803	0.781582	11	14
0.146447	0.808909	12	14
0.113495	0.839412	12	14
0.084265	0.873389	13	14
0.059039	0.911194	13	14
0.038060	0.953237	14	14
0.021530	1.000000	14	14
0.997592	0.912623	0	5
0.990393	0.813179	1	8
0.978470	0.742189	1	10
0.961940	0.692775	2	11
0.940961	0.657921	2	11
0.915735	0.633086	3	12
0.886505	0.615433	3	12
0.853553	0.603161	4	13
0.817197	0.595093	4	13
0.777785	0.590442	5	13
0.735698	0.588672	5	14
0.691342	0.589418	6	14
0.645142	0.592430	6	14
0.597545	0.597545	7	14
0.549009	0.604662	7	14
0.500000	0.613731	8	14
0.450991	0.624741	8	14
0.402455	0.637719	9	14
0.354858	0.652720	9	14
0.308658	0.669833	10	15
0.264302	0.689173	10	15
0.222215	0.710886	11	15
0.182803	0.735152	11	15
0.146447	0.762184	12	15
0.113495	0.792234	12	15
0.084265	0.825596	13	15
0.059039	0.862617	13	15
0.038060	0.903698	14	15
0.021530	0.949310	14	15
0.009607	1.000000	15	15
0.997592	0.811221	0	8
0.990393	0.686119	1	11
0.978470	0.619455	1	12
0.961940	0.580205	2	13
0.940961	0.555582	2	13
0.915735	0.539750	3	14
0.886505	0.529727	3	14
0.853553	0.523852	4	14
0.817197	0.521142	4	14
0.777785	0.520986	5	15
0.735698	0.522998	5	15
0.691342	0.526930	6	15
0.645142	0.532627	6	15
0.597545	0.540000	7	15
0.549009	0.549009	7	15
0.500000	0.559648	8	15
0.450991	0.571945	8	15
0.402455	0.585956	9	15
0.354858	0.601759	9	15
0.308658	0.619461	10	15
0.264302	0.639190	10	15
0.222215	0.661103	11	15
0.182803	0.685384	11	15
0.146447	0.712252	12	15
0.113495	0.741958	12	15
0.084265	0.774795	13	15
0.059039	0.811105	13	15
0.038060	0.851282	14	15
0.021530	0.895785	14	15
0.009607	0.945149	15	15
0.002408	1.000000	15	15
0.997592	0.405610	0	16
0.990393	0.406589	1	16
0.978470	0.408227	1	16
0.961940	0.410533	2	16
0.940961	0.413522	2	16
0.915735	0.417210	3	16
0.886505	0.421619	3	16
0.853553	0.426777	4	16
0.817197	0.432714	4	16
0.777785	0.439468	5	16
0.735698	0.447080	5	16
0.691342	0.455601	6	16
0.645142	0.465085	6	16
0.597545	0.475597	7	16
0.549009	0.487208	7	16
0.500000	0.500000	8	16
0.450991	0.514066	8	16
0.402455	0.529510	9	16
0.354858	0.546452	9	16
0.308658	0.565024	10	16
0.264302	0.585381	10	16
0.222215	0.607695	11	16
0.182803	0.632163	11	16
0.146447	0.659010	12	16
0.113495	0.688492	12	16
0.084265	0.720903	13	16
0.059039	0.756582	13	16
0.038060	0.795918	14	16
0.021530	0.839360	14	16
0.009607	0.887432	15	16
0.002408	0.940742	15	16
0.000000	1.000000	16	16
0.995185	0.000000	1	16
0.987985	0.135639	1	16
0.976063	0.204278	2	16
0.959532	0.246520	2	16
0.938553	0.275905	3	16
0.913327	0.298251	3	16
0.884098	0.316475	4	16
0.851146	0.332213	4	16
0.814789	0.346461	5	16
0.775377	0.359868	5	16
0.733291	0.372885	6	16
0.688934	0.385841	6	16
0.642735	0.398993	7	16
0.595138	0.412549	7	16
0.546601	0.426690	8	16
0.497592	0.441579	8	16
0.448584	0.457372	9	16
0.400047	0.474221	9	16
0.352450	0.492281	10	16
0.306251	0.511717	10	16
0.261894	0.532701	11	16
0.219807	0.555425	11	16
0.180396	0.580096	12	16
0.144039	0.606948	12	16
0.111087	0.636242	13	16
0.081858	0.668273	13	16
0.056632	0.703377	14	16
0.035653	0.741939	14	16
0.019122	0.784402	15	16
0.007200	0.831277	15	16
0.000000	0.883159	16	16
0.980785	0.000000	2	16
0.968863	0.081909	2	16
0.952332	0.137288	3	16
0.931353	0.177801	3	16
0.906127	0.209288	4	16
0.876898	0.235005	4	16
0.843946	0.256916	5	16
0.807589	0.276286	5	16
0.768178	0.293969	6	16
0.726091	0.310575	6	16
0.681734	0.326554	7	16
0.635535	0.342256	7	16
0.587938	0.357963	8	16
0.539401	0.373913	8	16
0.490393	0.390312	9	16
0.441384	0.407353	9	16
0.392847	0.425215	10	16
0.345250	0.444077	10	16
0.299051	0.464120	11	16
0.254694	0.485530	11	16
0.212608	0.508509	12	16
0.173196	0.533271	12	16
0.136839	0.560055	13	16
0.103887	0.589124	13	16
0.074658	0.620774	14	16
0.049432	0.655338	14	16
0.028453	0.693199	15	16
0.011922	0.734793	15	16
0.000000	0.780625	16	16
0.956940	0.000000	3	16
0.940410	0.059077	3	16
0.919431	0.104140	4	16
0.894205	0.140097	4	16
0.864975	0.169902	5	16
0.832024	0.195443	5	16
0.795667	0.217991	6	16
0.756255	0.238441	6	16
0.714169	0.257443	7	16
0.669812	0.275492	7	16
0.623613	0.292974	8	16
0.576015	0.310203	8	16
0.527479	0.327445	9	16
0.478470	0.344931	9	16
0.429462	0.362870	10	16
0.380925	0.381460	10	16
0.333328	0.400890	11	16
0.287128	0.421352	11	16
0.242772	0.443041	12	16
0.200685	0.466164	12	16
0.161274	0.490940	13	16
0.124917	0.517610	13	16
0.091965	0.546439	14	16
0.062735	0.577722	14	16
0.037510	0.611792	15	16
0.016530	0.649027	15	16
0.000000	0.689861	16	16
0.923880	0.000000	4	16
0.902900	0.046549	4	16
0.877675	0.084542	5	16
0.848445	0.116512	5	16
0.815493	0.144160	6	16
0.779136	0.168672	6	16
0.739725	0.190906	7	16
0.697638	0.211507	7	16
0.653282	0.230970	8	16
0.607082	0.249691	8	16
0.559485	0.267996	9	16
0.510948	0.286159	9	16
0.461940	0.304423	10	16
0.412931	0.323005	10	16
0.364395	0.342112	11	16
0.316797	0.361939	11	16
0.270598	0.382683	12	16
0.226241	0.404546	12	16
0.184155	0.427735	13	16
0.144743	0.452474	13	16
0.108386	0.479005	14	16
0.075435	0.507592	14	16
0.046205	0.538532	15	16
0.020979	0.572158	15	16
0.000000	0.608846	16	16
0.881921	0.000000	5	16
0.856695	0.038713	5	16
0.827466	0.071733	6	16
0.794514	0.100553	6	16
0.758157	0.126248	7	16
0.718746	0.149618	7	16
0.676659	0.171275	8	16
0.632302	0.191698	8	16
0.586103	0.211278	9	16
0.538506	0.230338	9	16
0.489969	0.249154	10	16
0.440961	0.267970	10	16
0.391952	0.287008	11	16
0.343415	0.306476	11	16
0.295818	0.326574	12	16
0.249619	0.347502	12	16
0.205262	0.369462	13	16
0.163176	0.392665	13	16
0.123764	0.417336	14	16
0.087407	0.443717	14	16
0.054455	0.472074	15	16
0.025226	0.502704	15	16
0.000000	0.535939	16	16
0.831470	0.000000	6	16
0.802240	0.033410	6	16
0.769288	0.062820	7	16
0.732931	0.089194	7	16
0.693520	0.113266	8	16
0.651433	0.135606	8	16
0.607077	0.156673	9	16
0.560877	0.176840	9	16
0.513280	0.196424	10	16
0.464743	0.215696	10	16
0.415735	0.234900	11	16
0.366726	0.254257	11	16
0.318190	0.273973	12	16
0.270592	0.294252	12	16
0.224393	0.315292	13	16
0.180036	0.337297	13	16
0.137950	0.360480	14	16
0.098538	0.385065	14	16
0.062181	0.411297	15	16
0.029230	0.439443	15	16
0.000000	0.469801	16	16
0.773010	0.000000	7	16
0.740059	0.029636	7	16
0.703702	0.056360	8	16
0.664290	0.080841	8	16
0.622204	0.103609	9	16
0.577847	0.125095	9	16
0.531648	0.145657	10	16
0.484050	0.165599	10	16
0.435514	0.185187	11	16
0.386505	0.204658	11	16
0.337497	0.224232	12	16
0.288960	0.244115	12	16
0.241363	0.264508	13	16
0.195164	0.285610	13	16
0.150807	0.307626	14	16
0.108720	0.330769	14	16
0.069309	0.355264	15	16
0.032952	0.381357	15	16
0.000000	0.409317	16	16
0.707107	0.000000	8	16
0.670750	0.026861	8	16
0.631339	0.051555	9	16
0.589252	0.074575	9	16
0.544895	0.096325	10	16
0.498696	0.117144	10	16
0.451099	0.137325	11	16
0.402562	0.157125	11	16
0.353553	0.176777	12	16
0.304545	0.196495	12	16
0.256008	0.216485	13	16
0.208411	0.236946	13	16
0.162212	0.258077	14	16
0.117855	0.280082	14	16
0.075768	0.303175	15	16
0.036357	0.327583	15	16
0.000000	0.353553	16	16
0.634393	0.000000	9	16
0.594982	0.024779	9	16
0.552895	0.047930	10	16
0.508538	0.069835	10	16
0.462339	0.090814	11	16
0.414742	0.111149	11	16
0.366205	0.131088	12	16
0.317197	0.150858	12	16
0.268188	0.170669	13	16
0.219651	0.190725	13	16
0.172054	0.211222	14	16
0.125855	0.232360	14	16
0.081498	0.254343	15	16
0.039412	0.277385	15	16
0.000000	0.301715	16	16
0.555570	0.000000	10	16
0.513483	0.023204	10	16
0.469127	0.045189	11	16
0.422927	0.066261	11	16
0.375330	0.086690	12	16
0.326794	0.106716	12	16
0.277785	0.126559	13	16
0.228777	0.146427	13	16
0.180240	0.166520	14	16
0.132643	0.187033	14	16
0.086443	0.208166	15	16
0.042087	0.230122	15	16
0.000000	0.253118	16	16
0.471397	0.000000	11	16
0.427040	0.022016	11	16
0.380841	0.043136	12	16
0.333244	0.063618	12	16
0.284707	0.083695	13	16
0.235698	0.103582	13	16
0.186690	0.123482	14	16
0.138153	0.143593	14	16
0.090556	0.164111	15	16
0.044357	0.185232	15	16
0.000000	0.207164	16	16
0.382683	0.000000	12	16
0.336484	0.021138	12	16
0.288887	0.041646	13	16
0.240350	0.061750	13	16
0.191342	0.081660	14	16
0.142333	0.101577	14	16
0.093797	0.121696	15	16
0.046199	0.142210	15	16
0.000000	0.163320	16	16
0.290285	0.000000	13	16
0.242687	0.020517	13	16
0.194151	0.040633	14	16
0.145142	0.060555	14	16
0.096134	0.080479	15	16
0.047597	0.100599	15	16
0.000000	0.121110	16	16
0.195090	0.000000	14	16
0.146554	0.020120	14	16
0.097545	0.040046	15	16
0.048537	0.059972	15	16
0.000000	0.080091	16	16
0.098017	0.000000	15	16
0.049009	0.019926	15	16
0.000000	0.039853	16	16
0.000000	0.000000	16	16
