200
0.990393	1.000000	0	0
0.990393	0.999557	0	1
0.961940	1.000000	1	1
0.990393	0.999016	0	1
0.961940	0.998226	1	1
0.915735	1.000000	1	1
0.990393	0.998346	0	1
0.961940	0.996062	1	1
0.915735	0.995999	1	2
0.853553	1.000000	2	2
0.990393	0.997502	0	1
0.961940	0.993385	1	1
0.915735	0.991129	1	2
0.853553	0.992864	2	2
0.777785	1.000000	2	2
0.990393	0.996418	0	1
0.961940	0.990019	1	1
0.915735	0.985117	1	2
0.853553	0.984200	2	2
0.777785	0.988802	2	3
0.691342	1.000000	3	3
0.990393	0.994995	0	1
0.961940	0.985707	1	1
0.915735	0.977583	1	2
0.853553	0.973545	2	2
0.777785	0.975256	2	3
0.691342	0.983789	3	3
0.597545	1.000000	3	3
0.990393	0.993074	0	1
0.961940	0.980061	1	2
0.915735	0.967969	1	2
0.853553	0.960248	2	3
0.777785	0.958670	2	3
0.691342	0.964266	3	3
0.597545	0.977794	3	4
0.500000	1.000000	4	4
0.990393	0.990393	0	1
0.961940	0.972472	1	2
0.915735	0.955444	1	2
0.853553	0.943374	2	3
0.777785	0.938088	2	3
0.691342	0.940495	3	4
0.597545	0.951194	3	4
0.500000	0.970777	4	4
0.402455	1.000000	4	4
0.990393	0.986493	0	1
0.961940	0.961940	1	2
0.915735	0.938722	1	3
0.853553	0.921548	2	3
0.777785	0.912158	2	4
0.691342	0.911202	3	4
0.597545	0.919021	3	4
0.500000	0.935993	4	5
0.402455	0.962691	4	5
0.308658	1.000000	5	5
0.990393	0.980508	0	1
0.961940	0.946742	1	2
0.915735	0.915735	1	3
0.853553	0.892690	2	4
0.777785	0.878935	2	4
0.691342	0.874628	3	4
0.597545	0.879708	3	5
0.500000	0.894251	4	5
0.402455	0.918606	4	5
0.308658	0.953479	5	5
0.222215	1.000000	5	5
0.990393	0.970646	0	2
0.961940	0.923700	1	3
0.915735	0.883012	1	3
0.853553	0.853553	2	4
0.777785	0.835564	2	4
0.691342	0.828319	3	5
0.597545	0.831155	3	5
0.500000	0.843750	4	5
0.402455	0.866184	4	6
0.308658	0.898965	5	6
0.222215	0.943069	5	6
0.146447	1.000000	6	6
0.990393	0.952698	0	2
0.961940	0.886474	1	3
0.915735	0.834419	1	4
0.853553	0.798920	2	5
0.777785	0.777785	2	5
0.691342	0.768827	3	5
0.597545	0.770557	3	6
0.500000	0.782180	4	6
0.402455	0.803494	4	6
0.308658	0.834819	5	6
0.222215	0.876987	5	6
0.146447	0.931375	6	6
0.084265	1.000000	6	6
0.990393	0.914826	0	3
0.961940	0.821067	1	4
0.915735	0.758520	1	5
0.853553	0.720186	2	5
0.777785	0.699202	2	6
0.691342	0.691342	3	6
0.597545	0.694224	3	6
0.500000	0.706647	4	6
0.402455	0.728213	4	7
0.308658	0.759132	5	7
0.222215	0.800154	5	7
0.146447	0.852571	6	7
0.084265	0.918294	6	7
0.038060	1.000000	7	7
0.990393	0.813179	0	4
0.961940	0.692775	1	5
0.915735	0.633086	1	6
0.853553	0.603161	2	6
0.777785	0.590442	2	7
0.691342	0.589418	3	7
0.597545	0.597545	3	7
0.500000	0.613731	4	7
0.402455	0.637719	4	7
0.308658	0.669833	5	7
0.222215	0.710886	5	7
0.146447	0.762184	6	7
0.084265	0.825596	6	7
0.038060	0.903698	7	7
0.009607	1.000000	7	7
0.990393	0.406589	0	8
0.961940	0.410533	1	8
0.915735	0.417210	1	8
0.853553	0.426777	2	8
0.777785	0.439468	2	8
0.691342	0.455601	3	8
0.597545	0.475597	3	8
0.500000	0.500000	4	8
0.402455	0.529510	4	8
0.308658	0.565024	5	8
0.222215	0.607695	5	8
0.146447	0.659010	6	8
0.084265	0.720903	6	8
0.038060	0.795918	7	8
0.009607	0.887432	7	8
0.000000	1.000000	8	8
0.980785	0.000000	1	8
0.952332	0.137288	1	8
0.906127	0.209288	2	8
0.843946	0.256916	2	8
0.768178	0.293969	3	8
0.681734	0.326554	3	8
0.587938	0.357963	4	8
0.490393	0.390312	4	8
0.392847	0.425215	5	8
0.299051	0.464120	5	8
0.212608	0.508509	6	8
0.136839	0.560055	6	8
0.074658	0.620774	7	8
0.028453	0.693199	7	8
0.000000	0.780625	8	8
0.923880	0.000000	2	8
0.877675	0.084542	2	8
0.815493	0.144160	3	8
0.739725	0.190906	3	8
0.653282	0.230970	4	8
0.559485	0.267996	4	8
0.461940	0.304423	5	8
0.364395	0.342112	5	8
0.270598	0.382683	6	8
0.184155	0.427735	6	8
0.108386	0.479005	7	8
0.046205	0.538532	7	8
0.000000	0.608846	8	8
0.831470	0.000000	3	8
0.769288	0.062820	3	8
0.693520	0.113266	4	8
0.607077	0.156673	4	8
0.513280	0.196424	5	8
0.415735	0.234900	5	8
0.318190	0.273973	6	8
0.224393	0.315292	6	8
0.137950	0.360480	7	8
0.062181	0.411297	7	8
0.000000	0.469801	8	8
0.707107	0.000000	4	8
0.631339	0.051555	4	8
0.544895	0.096325	5	8
0.451099	0.137325	5	8
0.353553	0.176777	6	8
0.256008	0.216485	6	8
0.162212	0.258077	7	8
0.075768	0.303175	7	8
0.000000	0.353553	8	8
0.555570	0.000000	5	8
0.469127	0.045189	5	8
0.375330	0.086690	6	8
0.277785	0.126559	6	8
0.180240	0.166520	7	8
0.086443	0.208166	7	8
0.000000	0.253118	8	8
0.382683	0.000000	6	8
0.288887	0.041646	6	8
0.191342	0.081660	7	8
0.093797	0.121696	7	8
0.000000	0.163320	8	8
0.195090	0.000000	7	8
0.097545	0.040046	7	8
0.000000	0.080091	8	8
0.000000	0.000000	8	8
